0,0,0,0,0,1
0,0,0,0,0,1
0,0,0,0,0,1
0,0,0,0,0,1
0,0,0,0,0,1
0.578827,0,0,0,0,1
0.764647,0,0,0,0,1
0,0,0,0,0,1
0.658499,0,0,0,0,1
0.881279,0,0,0,0,1
0.879006,0,0,0,0,2
0.873472,0,0,0,0,2
0.875524,0,0,0,0,2
0.845109,0,0,0,0,2
0.817993,0,0,0,0,2
0.887906,0,0,0,0,2
0.789476,0,0,0,0,2
0,0,0,0,0,2
0.824854,0,0,0,0,2
0,0,0,0,0,2
0,0,0,0,0,3
0.73484,0,0,0,0,3
0.788259,0,0,0,0,3
0,0,0,0,0,3
0.731079,0,0,0,0,3
0.725559,0,0,0,0,3
0.722968,0,0,0,0,3
0.737274,0,0,0,0,3
0.726136,0,0,0,0,3
0.800736,0,0,0,0,3
0.75099,0.808756,0,0,0,4
0.464013,0,0,0,0,4
0.841268,0,0,0,0,4
0.772718,0.519524,0,0,0,4
0.75802,0.806344,0.750528,0,0,4
0.724399,0.743468,0.622035,0,0,4
0.728625,0.761495,0,0,0,4
0.710544,0.808433,0,0,0,4
0.700554,0.796426,0,0,0,4
0.742765,0.901372,0,0,0,4
0.847052,0.894687,0,0,0,5
0.805303,0.844684,0,0,0,5
0.810882,0.844273,0,0,0,5
0.900119,0.915704,0,0,0,5
0.925417,0,0,0,0,5
0.75519,0.822376,0,0,0,5
0.890303,0,0,0,0,5
0,0,0,0,0,5
0.902904,0,0,0,0,5
0.928371,0,0,0,0,5
0.754164,0,0,0,0,6
0.757763,0.856332,0.746818,0,0,6
0.73635,0.840996,0.732956,0,0,6
0.740873,0.850028,0.733887,0,0,6
0.765578,0.863494,0.747097,0,0,6
0.737611,0.839794,0.739033,0,0,6
0.751026,0.713715,0,0,0,6
0.766677,0.863824,0.734195,0,0,6
0.756832,0.874117,0.734342,0,0,6
0.7826,0.870876,0.752456,0,0,6
0.770915,0.760784,0,0,0,7
0.770387,0.768261,0,0,0,7
0.811732,0.771156,0,0,0,7
0.730881,0.76233,0,0,0,7
0.692929,0.29804,0.762015,0,0,7
0.76225,0.764559,0,0,0,7
0.646074,0.710366,0,0,0,7
0.79018,0.766846,0,0,0,7
0.717421,0.755337,0,0,0,7
0.731476,0.753028,0,0,0,7
0.748131,0.798669,0,0,0,8
0.747398,0.900067,0.767924,0,0,8
0.765732,0.790246,0,0,0,8
0.760549,0.807187,0.765072,0,0,8
0.727452,0.775188,0,0,0,8
0.705647,0.773121,0.72794,0,0,8
0.708997,0.748182,0,0,0,8
0.724643,0.787812,0.744854,0,0,8
0.76288,0.81336,0.749765,0,0,8
0.765021,0.863406,0.736064,0,0,8
0.756715,0.889218,0.958611,0.942234,0.816446,9
0.781075,0.900082,0.99937,1,0.864858,9
0.69816,0.750301,0.823542,0.797049,0.686076,9
0.982032,0,0,0,0,9
0.711578,0.771457,0.830506,0.816204,0.737472,9
0.925578,0,0,0,0,9
0.743468,0.741335,0.84181,0.820918,0.709321,9
0.723129,0.699241,0.811278,0.805442,0.716056,9
0.71398,0.914428,0.849493,0.754069,0,9
0.698038,0.755513,0.886066,0.706395,0,9
0.755058,0,0,0,0,10
0.792086,0.83316,0.635831,0,0,10
0.810163,0.824656,0.635927,0,0,10
0.739935,0.770988,0.618232,0,0,10
0.758181,0.774389,0.620758,0,0,10
0.784799,0.807216,0.63625,0,0,10
0.746628,0.794967,0.634142,0,0,10
0.889467,0.675997,0,0,0,10
0.979254,0.775636,0,0,0,10
0.960524,0.761605,0,0,0,10
0,0,0,0,0,1
0,0,0,0,0,1
0,0,0,0,0,1
0,0,0,0,0,1
0,0,0,0,0,1
0,0,0,0,0,1
0,0,0,0,0,1
0,0,0,0,0,1
0,0,0,0,0,1
0,0,0,0,0,1
0.892782,0,0,0,0,2
1.14819,0,0,0,0,2
0.982873,0,0,0,0,2
0,0,0,0,0,2
1.02938,0,0,0,0,2
1.11254,0,0,0,0,2
0,0,0,0,0,2
1.00637,0.511408,0,0,0,2
1.02906,0,0,0,0,2
1.13539,0,0,0,0,2
0.993997,0,0,0,0,3
0.98893,0,0,0,0,3
0.998866,0,0,0,0,3
1.00849,0,0,0,0,3
1.01057,0,0,0,0,3
0.99766,0,0,0,0,3
0.999613,0,0,0,0,3
1.00922,0,0,0,0,3
0.961148,0,0,0,0,3
0.903576,0,0,0,0,3
0.846184,1.02849,0.539533,0,0,4
0.845129,1.01651,0.537073,0,0,4
0.841283,1.0184,0,0,0,4
0.848131,1.11634,0,0,0,4
0.864528,1.22672,0,0,0,4
0.833062,1.0785,0,0,0,4
0.796045,1.01807,0,0,0,4
0.816162,1.02524,0,0,0,4
0.807124,1.02138,0,0,0,4
0.800168,0,0,0,0,4
1.00011,1.04864,0,0,0,5
1.0034,1.03771,0,0,0,5
1.12985,0,0,0,0,5
0.979921,1.01741,0,0,0,5
0.999154,1.04855,0,0,0,5
1.11316,0,0,0,0,5
0.969644,1.00377,0,0,0,5
0.970526,1.01125,0,0,0,5
0.968357,1.00521,0,0,0,5
0.9506,0.985375,0,0,0,5
0.858648,0.905952,0.817811,0,0,6
0.878698,0.923933,0.808444,0,0,6
0.841874,0.922988,0.834321,0,0,6
0.848947,0.934706,0.845389,0,0,6
0.958484,0.979183,0.866473,0,0,6
0.893954,0.93962,0.864654,0,0,6
0.90714,0.939323,0.849673,0,0,6
0.893434,0.939503,0.848243,0,0,6
0.94754,1.01075,0.899005,0,0,6
0.877794,0.935831,0.840753,0,0,6
0.920333,0,0,0,0,7
0.90966,0,0,0,0,7
0.786241,0.936461,0,0,0,7
0.812472,0.958979,0,0,0,7
0.742376,0.968159,0,0,0,7
0.766503,0.915455,0,0,0,7
0.793508,0.947144,0,0,0,7
0.770014,0.924464,0,0,0,7
0.762121,0.91766,0,0,0,7
0.762354,0.9209,0,0,0,7
0.740067,0.986374,0.901272,0,0,8
0.730284,1.03097,0.924041,0,0,8
0.736217,1.00467,0.529185,0.928181,0,8
0.72598,0.981541,0.879658,0,0,8
0.728072,1.00808,0.901254,0,0,8
0.764142,1.02943,0.921665,0,0,8
0.73675,0.998299,0.912674,0,0,8
0.733943,0.98506,0.498672,0.899094,0,8
0.718545,0.979759,0.878692,0,0,8
0.719245,1.05961,0.529609,0.92387,0,8
0.746124,0.929018,1.00679,0.927767,0.852001,9
0.729182,0.921026,1,0.928631,0.848686,9
0.740131,0.921944,0.997948,0.915833,0.834478,9
0.720051,0.940502,1.01573,0.942212,0.856792,9
0.719108,0.929414,1.00466,0.945758,0.861005,9
0.661391,0.998056,1.03727,0.954164,0.859886,9
0.74554,0.935714,1.00202,0.93287,0.850113,9
0.731414,0.954101,1.02956,0.943148,0.866729,9
0.709938,0.880543,0.952949,0.881379,0.824596,9
0.719558,0.912062,0.983593,0.903342,0.824548,9
1.00702,1.01176,0.763241,0,0,10
0.96689,0.98389,0.734061,0,0,10
1.03446,0.786378,0,0,0,10
0.92675,0.949232,0.770354,0,0,10
0.952706,0.978085,0.773803,0,0,10
0.985924,1.00724,0.75684,0,0,10
0.981721,0.984754,0.736812,0,0,10
1.01519,0,0,0,0,10
0.977554,0.994177,0.750228,0,0,10
0.992755,1.01638,0.756524,0,0,10
0,0,0,0,0,1
0,0,0,0,0,1
0,0,0,0,0,1
0,0,0,0,0,1
0,0,0,0,0,1
0,0,0,0,0,1
0,0,0,0,0,1
0,0,0,0,0,1
0,0,0,0,0,1
0,0,0,0,0,1
1.16523,0,0,0,0,2
1.17061,0,0,0,0,2
1.17019,0,0,0,0,2
1.06071,0,0,0,0,2
1.17834,0,0,0,0,2
0,0,0,0,0,2
0,0,0,0,0,2
1.12529,0,0,0,0,2
1.12728,0,0,0,0,2
1.07212,0,0,0,0,2
0.972277,0,0,0,0,3
0.966658,0,0,0,0,3
0.985067,0,0,0,0,3
0.965952,0,0,0,0,3
0.943124,0,0,0,0,3
0.962971,0,0,0,0,3
0.991171,0,0,0,0,3
0.983858,0,0,0,0,3
0.961427,0,0,0,0,3
0.947552,0,0,0,0,3
0.738689,1.0065,0,0,0,4
0.780105,1.07157,0,0,0,4
0.746473,1.04717,0,0,0,4
0.718934,1.01875,0,0,0,4
0.74815,0.993834,0,0,0,4
0.808754,1.14729,0,0,0,4
0.783921,1.05208,0,0,0,4
0.748933,1.06118,0,0,0,4
0.783084,1.01824,0,0,0,4
0.99237,0.761972,0,0,0,4
1.06552,1.11019,0,0,0,5
1.02288,1.0383,0,0,0,5
1.17576,0,0,0,0,5
1.0822,1.10427,0,0,0,5
1.00001,1.00108,0,0,0,5
1.0651,1.07685,0,0,0,5
0,0,0,0,0,5
1.1693,0,0,0,0,5
1.06683,0,0,0,0,5
1.01315,0.980736,0,0,0,5
1.0154,1.10424,0.944677,0,0,6
1.00783,1.06861,0.936421,0,0,6
0.940769,1.01844,0.888427,0,0,6
0.908009,0.980709,0.829394,0,0,6
1.0393,1.10979,0.927565,0,0,6
1.02194,0.898333,0,0,0,6
0.935671,1.00145,0.878613,0,0,6
0.862914,0.933236,0.809426,0,0,6
0.965696,1.02091,0.854126,0,0,6
1.03957,1.12315,0.951645,0,0,6
0.76279,0.951645,0,0,0,7
0.932469,0,0,0,0,7
0.818904,0.961374,0,0,0,7
0.784742,0.952298,0,0,0,7
0.771341,0.933845,0,0,0,7
0.786099,0.933845,0,0,0,7
0.818105,0.951036,0,0,0,7
0.799617,0.932645,0,0,0,7
0.811004,0.916212,0,0,0,7
0.815612,0.92079,0,0,0,7
0.791769,1.04339,0.966711,0,0,8
0.758454,0.933642,0.392902,0.884634,0,8
0.746108,0.942286,0.876527,0,0,8
0.763592,1.02966,0.467719,0.938229,0,8
0.835895,1.05467,0.964206,0,0,8
0.914501,1.04627,0.962318,0,0,8
0.713073,0.941669,0.39801,0.900088,0,8
0.733859,0.941422,0.882297,0,0,8
0.784708,0.999356,0.929232,0,0,8
0.863316,1.06258,0.953515,0,0,8
0.759243,0.98362,1.05967,1.00063,0.945127,9
0.743369,0.933395,1,0.964038,0.938485,9
0.765263,0.959637,0.92423,0.909897,0.954618,9
0.874385,1.12941,1.14515,1.06783,1.02694,9
0.752857,0.922087,1.02646,0.977366,0.925077,9
0.734775,0.908309,0.977631,0.952624,0.925289,9
0.758638,0.954909,1.08703,0.981635,0.934683,9
0.769818,0.984784,1.03749,0.830004,0.947746,9
0.813779,0.901491,0.958472,0.874667,0.847454,9
0.744932,1.00707,1.10843,1.01021,0.927573,9
1.01222,0.960986,0.747052,0,0,10
1.00826,0.954141,0.746231,0,0,10
1.04568,0.773178,0,0,0,10
1.00748,0.936915,0.727522,0,0,10
1.00895,0.958693,0.749063,0,0,10
0.91541,0.849382,0.683803,0,0,10
0.897169,0.85215,0.716693,0,0,10
0.951769,0.906765,0.723331,0,0,10
0.9997,0.944121,0.722502,0,0,10
1.00586,0.946776,0.727658,0,0,10
0,0,0,0,0,1
0,0,0,0,0,1
0,0,0,0,0,1
0,0,0,0,0,1
0,0,0,0,0,1
0,0,0,0,0,1
0,0,0,0,0,1
0,0,0,0,0,1
0.687405,0,0,0,0,1
0.690648,0,0,0,0,1
0,0,0,0,0,2
0,0,0,0,0,2
1.13699,0,0,0,0,2
1.05813,0,0,0,0,2
1.12529,0,0,0,0,2
1.1394,0,0,0,0,2
1.1353,0,0,0,0,2
1.1602,0,0,0,0,2
1.07338,0,0,0,0,2
1.0453,0,0,0,0,2
0.528654,1.04349,0,0,0,3
0.492201,1.06255,0,0,0,3
1.01865,0,0,0,0,3
1.01144,0,0,0,0,3
0.998369,0,0,0,0,3
0.993922,0,0,0,0,3
0.871661,0,0,0,0,3
0.325345,0.0726466,0.551594,0,0,3
0.263938,0.770864,0,0,0,3
0.510747,1.00681,0,0,0,3
0.845738,1.08663,0,0,0,4
0.832607,1.06736,0.49576,0,0,4
0.824741,1.06986,0.479771,0,0,4
0.846398,1.05313,0,0,0,4
0.886395,1.07076,0,0,0,4
0.714536,0.878544,0,0,0,4
0.820226,1.07051,0.475382,0,0,4
0.812767,1.05366,0.450964,0,0,4
0.87147,1.07668,0,0,0,4
0.913442,1.09484,0,0,0,4
0.973707,1.02473,0.348702,0,0,5
0.972958,1.03862,0,0,0,5
0.96908,0.996482,0.368867,0,0,5
0.950639,0.995212,0,0,0,5
1.02155,1.03409,0,0,0,5
0.994178,1.0418,0,0,0,5
0.993856,1.01474,0,0,0,5
1.00261,1.01953,0,0,0,5
0.988148,1.00485,0,0,0,5
0.983151,1.0037,0.327757,0,0,5
1.02335,1.09525,0.956441,0,0,6
0.963932,1.02074,0.936421,0,0,6
0.816476,0.853401,0.749482,0,0,6
0.973091,1.04359,0.931277,0,0,6
0.995155,1.03576,0.942199,0,0,6
0.990063,1.04096,0.928189,0,0,6
0.90901,0.96927,0.837763,0,0,6
0.725138,0.75235,0.663613,0,0,6
0.794692,0.814706,0.72374,0,0,6
0.883509,0.919078,0.814184,0,0,6
0.9142,0.974049,0,0,0,7
0.912777,0.960291,0,0,0,7
0.918493,0.980496,0,0,0,7
0.882508,0.552287,0.973376,0,0,7
0.824601,0.482394,0.92004,0,0,7
0.857285,0.5267,0.951511,0,0,7
0.904599,0.989418,0,0,0,7
0.905904,1.01088,0,0,0,7
0.883482,1.00871,0,0,0,7
0.884052,1.00373,0,0,0,7
0.886326,1.05285,0.909996,0,0,8
0.886677,1.01626,0.882279,0,0,8
0.8345,1.03836,0.889583,0,0,8
0.831627,1.02077,0.903217,0,0,8
0.828912,1.01243,0.894482,0,0,8
0.829847,1.01268,0.885379,0,0,8
0.862454,1.02145,0.896594,0,0,8
0.8932,1.0838,0.540705,0.947395,0,8
0.761818,1.03325,0.483046,0.894658,0,8
0.78887,1.06156,0.939954,0,0,8
0.819641,0.976457,1.0318,0.994159,0.863139,9
0.82381,0.967137,1,0.955256,0.850424,9
0.820071,0.959694,1.00573,0.977434,0.873658,9
0.823563,0.952535,0.983843,0.945422,0.851233,9
0.813131,0.95153,0.974494,0.928326,0.839958,9
0.827915,0.979586,1.00748,0.973925,0.873735,9
0.827473,0.987143,1.02038,0.985853,0.888847,9
0.80407,0.972664,0.99415,0.963486,0.845904,9
0.71342,0.947555,0.969242,0.924876,0.826326,9
0.70257,0.878532,0.901892,0.862981,0.791613,9
0.977642,0.992661,0.826288,0,0,10
0.932185,0.955067,0.782333,0,0,10
0.926381,0.950003,0.783452,0,0,10
0.976761,0.993003,0.813563,0,0,10
0.996027,1.01016,0.82291,0,0,10
0.992756,1.01504,0.832253,0,0,10
0.904335,0.921983,0.772209,0,0,10
0.900674,0.937075,0.774044,0,0,10
0.931907,0.95007,0.775762,0,0,10
0.962225,0.986688,0.807295,0,0,10
0,0,0,0,0,1
0,0,0,0,0,1
0,0,0,0,0,1
0,0,0,0,0,1
0,0,0,0,0,1
0,0,0,0,0,1
0,0,0,0,0,1
0,0,0,0,0,1
0,0,0,0,0,1
0,0,0,0,0,1
0.794815,0,0,0,0,2
0.746598,1.05794,1.03955,0.922255,0,2
0,0,0,0,0,2
0,0,0,0,0,2
0.59938,0.750027,0,0,0,2
0,0,0,0,0,2
0.797266,0,0,0,0,2
0.838149,0,0,0,0,2
0.776116,0,0,0,0,2
0,0,0,0,0,2
1.10653,0,0,0,0,3
1.01828,0,0,0,0,3
0.962042,0,0,0,0,3
1.1013,0,0,0,0,3
1.10894,0,0,0,0,3
0.937839,0,0,0,0,3
0.921426,0,0,0,0,3
0.952499,0,0,0,0,3
0.962228,0,0,0,0,3
0.94016,0,0,0,0,3
0.875728,1.02892,0,0,0,4
0.883278,1.05993,0,0,0,4
0.869446,1.09733,0,0,0,4
0.890996,1.0916,0,0,0,4
0.883696,1.11271,0,0,0,4
0.873568,1.09918,0,0,0,4
0.871593,1.09169,0,0,0,4
0.851641,1.08417,0.446577,0,0,4
0.852917,1.10991,0.495216,0,0,4
0.8642,1.10251,0,0,0,4
1.0101,1.00099,0,0,0,5
1.02714,1.01532,0,0,0,5
1.03675,0.994809,0.344364,0,0,5
1.01738,1.01133,0,0,0,5
0.992675,0.994203,0,0,0,5
0.98397,0.993234,0,0,0,5
1.00553,1.05346,0,0,0,5
1.05203,1.0914,0,0,0,5
1.00661,1.03132,0,0,0,5
1.0028,1.01745,0,0,0,5
0.93427,1.00314,0.888257,0,0,6
0.96768,0.999804,0.927602,0,0,6
0.983793,0.976999,0.923511,0,0,6
0.95727,0.99671,0.889058,0,0,6
0.96878,0.990019,0.907908,0,0,6
0.99357,0.986953,0.934633,0,0,6
1.00586,0.954129,0.935332,0,0,6
0.9644,0.975807,0.868965,0.451103,0,6
1.00617,1.00606,0.925381,0,0,6
0.972191,0.97987,0.875133,0,0,6
0.914866,0.672051,0.955117,0,0,7
0.906017,0.962256,0,0,0,7
0.933822,0.940038,0,0,0,7
0.938808,0.935108,0,0,0,7
0.918868,0.955276,0,0,0,7
0.933571,0.706971,0.957904,0,0,7
0.955397,0.567729,0.824009,0,0,7
0.961566,0.712069,0.913955,0,0,7
0.970541,0.697777,0.882125,0,0,7
1.02268,0.699889,0.840955,0,0,7
0.905638,1.07109,0.944251,0,0,8
0.874703,0.991063,0.87386,0,0,8
0.915891,1.10006,0.962359,0,0,8
0.869598,0.981221,0.878661,0,0,8
0.882262,1.05677,0.901296,0,0,8
0.867169,0.97932,0.813623,0,0,8
0.883697,1.01862,0.838913,0,0,8
0.867912,1.02069,0.832013,0,0,8
0.878258,0.982731,0.800456,0,0,8
0.8749,1.00746,0.83146,0,0,8
0.900823,1.0292,1.03039,1.04393,0.874942,9
0.932695,0.98945,1,0.996086,0.865296,9
0.8973,0.997409,1.03771,1.03711,0.887939,9
0.909836,1.01944,1.04663,1.03808,0.895831,9
0.952303,1.03566,1.08254,1.06103,0.920473,9
0.911978,1.00802,1.03855,1.03911,0.911908,9
0.920094,1.0239,1.02829,1.03841,0.916309,9
0.931064,1.03118,1.07877,1.05457,0.938305,9
0.906912,0.984269,1.02776,1.0411,0.916297,9
0.93522,1.01024,1.03951,1.01448,0.906989,9
1.09582,1.07693,0.793964,0,0,10
0.964567,0.943086,0.667852,0,0,10
1.09306,1.0425,0.793311,0,0,10
1.06211,1.0452,0.717766,0,0,10
0.998183,0.980709,0.640927,0,0,10
0.992116,0.964092,0.621306,0,0,10
0.987437,0.965844,0.775339,0,0,10
1.02936,1.00889,0.802296,0,0,10
1.03572,0.982218,0.733392,0,0,10
1.09296,0.783436,0,0,0,10
0,0,0,0,0,1
0,0,0,0,0,1
0,0,0,0,0,1
0,0,0,0,0,1
0,0,0,0,0,1
0,0,0,0,0,1
0,0,0,0,0,1
0,0,0,0,0,1
0,0,0,0,0,1
0,0,0,0,0,1
0,0,0,0,0,2
0,0,0,0,0,2
1.00639,0,0,0,0,2
1.17373,0,0,0,0,2
0,0,0,0,0,2
1.05139,0,0,0,0,2
1.00361,0.463692,0,0,0,2
0.972083,0,0,0,0,2
1.13203,0,0,0,0,2
0,0,0,0,0,2
0.997201,0,0,0,0,3
0.607441,0.886459,0,0,0,3
0.599598,0.879965,0,0,0,3
0.900458,0,0,0,0,3
0.937476,0,0,0,0,3
0.935069,0,0,0,0,3
0.603332,0.875607,0,0,0,3
0.518352,0.771475,0,0,0,3
0.849038,0,0,0,0,3
0.929678,0,0,0,0,3
0.826663,1.06921,0,0,0,4
0.805609,1.0508,0.498748,0,0,4
0.785778,1.04679,0,0,0,4
0.782077,1.04198,0,0,0,4
0.782382,1.00631,0,0,0,4
0.791746,0.996268,0,0,0,4
0.758812,0.972422,0,0,0,4
0.708291,0.888844,0,0,0,4
0.777634,0.965928,0.484008,0,0,4
0.769291,0.950292,0.470778,0,0,4
0.952479,0.97787,0,0,0,5
0.899659,0.996136,0,0,0,5
0.810811,0.300145,0.864172,0,0,5
0.920364,0.937016,0,0,0,5
0.949689,0.951989,0,0,0,5
1.03332,1.04618,0,0,0,5
1.06261,1.05074,0,0,0,5
0.938367,0.984336,0,0,0,5
0.979877,0.987097,0,0,0,5
0.93345,0.985108,0,0,0,5
0.869511,0.92359,0.811647,0,0,6
0.875047,0.959548,0.851796,0,0,6
0.881076,0.951451,0.841089,0,0,6
0.929169,0.989434,0.872606,0,0,6
0.936197,1.00379,0.877094,0,0,6
0.942354,1.02146,0.886323,0,0,6
0.861342,0.906524,0.836055,0,0,6
0.851395,0.924309,0.801863,0,0,6
0.692958,0.73892,0.654252,0,0,6
0.658043,0.714996,0.647115,0,0,6
0.88926,0.992573,0,0,0,7
0.893592,0.973478,0,0,0,7
0.905726,0.985759,0,0,0,7
0.932342,0.996258,0,0,0,7
0.92529,0.521922,0.982271,0,0,7
0.88585,0.961583,0,0,0,7
0.877941,0.94443,0,0,0,7
0.913677,0.527025,0.976155,0,0,7
0.907324,0.593485,1.00942,0,0,7
0.911057,0.541107,0.986711,0,0,7
0.823862,0.986334,0.960688,0,0,8
0.857788,0.968539,0.950631,0,0,8
0.82373,0.992177,0.956418,0,0,8
0.863815,1.00852,0.9344,0,0,8
0.836312,0.973516,0.96607,0,0,8
0.862122,0.970688,0.92744,0,0,8
0.832983,0.947832,0.919963,0,0,8
0.833141,0.957615,0.935561,0,0,8
0.820491,1.00049,0.947191,0,0,8
0.809113,1.05074,0.986569,0,0,8
0.854386,0.898909,0.973318,0.930525,0.828312,9
0.841161,0.916606,1,0.965071,0.859562,9
0.837877,0,0,0,0,9
0.824541,0.923738,1.00176,0.967549,0.90553,9
0.859448,0.910336,0.986164,0.952611,0.875461,9
0.83218,0.898801,0.986984,0.951517,0.884191,9
0.820099,0.909271,0.997446,0.956352,0.86797,9
0.833074,0.886743,0.972809,0.955231,0.865258,9
0.84697,0.884605,0.973883,0.946418,0.856546,9
0.827788,0.874815,0.956315,0.926207,0.845846,9
0.921258,0.945448,0.699513,0,0,10
0.887423,0.931599,0.700836,0,0,10
0.924582,0.979934,0.702919,0,0,10
0.9759,1.00738,0.735251,0,0,10
0.931996,0.965061,0.714396,0,0,10
0.961979,0.983384,0.724504,0,0,10
0.876058,0.921835,0.693306,0,0,10
0.872756,0.93076,0.685302,0,0,10
0.872485,0.918354,0.682239,0,0,10
0.867788,0.948002,0,0,0,10
0,0,0,0,0,1
0,0,0,0,0,1
0,0,0,0,0,1
0,0,0,0,0,1
0,0,0,0,0,1
0,0,0,0,0,1
0,0,0,0,0,1
0,0,0,0,0,1
0,0,0,0,0,1
0,0,0,0,0,1
0,0,0,0,0,2
0,0,0,0,0,2
0.869633,0,0,0,0,2
0.844022,0,0,0,0,2
0.899764,0,0,0,0,2
0.775565,0,0,0,0,2
0,0,0,0,0,2
0.845085,0,0,0,0,2
0.847906,0,0,0,0,2
0.836878,0,0,0,0,2
0.669208,0.497771,0.990731,0,0,3
0,0,0,0,0,3
0.688975,0.995636,0,0,0,3
0.65663,0.995302,0,0,0,3
1.04622,0,0,0,0,3
1.02826,0,0,0,0,3
0.593381,1.04073,0,0,0,3
0.535937,1.00441,0,0,0,3
0.526164,0.980428,0,0,0,3
0.539903,1.00845,0,0,0,3
0.813515,1.03308,0.474698,0,0,4
0.847635,1.03103,0,0,0,4
0.885802,1.08132,0,0,0,4
0.884269,1.06597,0,0,0,4
0.879728,1.03976,0,0,0,4
0.85691,1.04321,0,0,0,4
0.856049,1.03562,0,0,0,4
0.815446,1.02922,0.456959,0,0,4
0.854907,1.03032,0.468274,0,0,4
0.848729,1.02702,0,0,0,4
0.985329,1.09069,0,0,0,5
0.98114,1.11186,0,0,0,5
0.995904,1.105,0,0,0,5
1.01589,1.09982,0,0,0,5
1.02659,1.0971,0,0,0,5
0.996101,1.09752,0,0,0,5
0.988694,1.08176,0,0,0,5
0.990294,1.07058,0,0,0,5
1.00711,1.09634,0,0,0,5
1.02785,1.10142,0,0,0,5
1.04246,1.12075,0.985588,0,0,6
1.03359,1.09579,0.97831,0,0,6
1.03273,1.08082,0.967551,0,0,6
0.946175,1.0017,0.896245,0,0,6
0.962332,1.00421,0.895128,0,0,6
1.04525,1.09382,0.956113,0,0,6
1.05102,1.09005,0.956074,0,0,6
0.945976,1.00958,0.894773,0,0,6
1.03312,1.12169,0.97635,0,0,6
1.03818,1.10686,0.969302,0,0,6
1.06567,1.00347,0,0,0,7
1.06981,1.01013,0,0,0,7
1.06435,1.01016,0,0,0,7
0.996458,0.967366,0,0,0,7
0.973313,0.986601,0,0,0,7
0.988518,0.998305,0,0,0,7
1.03381,0.634783,0.995666,0,0,7
0.999709,0.614668,1.01443,0,0,7
1.00582,0.980694,0,0,0,7
1.02609,0.642799,1.02011,0,0,7
0.874736,0.958985,0.946678,0,0,8
0.820565,0.947084,0.955227,0,0,8
0.827815,0.941587,0.964876,0,0,8
0.86946,0.928687,0.949911,0,0,8
0.922229,1.05337,0.980917,0,0,8
1.13079,0.979356,0,0,0,8
1.05365,0.998326,0,0,0,8
0.947667,1.0737,0,0,0,8
0.922043,1.03632,0.999377,0,0,8
0.846703,0.908988,0.94928,0,0,8
0.874675,0.950895,1.00407,0.973898,0.903081,9
0.875012,0.951309,1,0.980835,0.912788,9
0.818695,0.935729,0.998183,0.96744,0.902976,9
0.977578,1.02921,0.978832,0.904113,0,9
0.841272,0.922274,1.00953,0.975225,0.894603,9
0.848483,0.918154,1.02429,0.983684,0.896822,9
0.851527,0.916387,0.990078,0.986999,0.90031,9
0.832042,0.932096,0.98487,0.979245,0.903705,9
0.92801,0.999964,0.988357,0.926538,0,9
0.866915,0.930802,1.02509,0.970696,0.87372,9
1.18665,1.01772,0.794983,0,0,10
1.37207,1.16545,0.875503,0,0,10
1.04722,0.795348,0,0,0,10
0.993077,0.814655,0,0,0,10
0.894777,1.05604,0.791603,0,0,10
1.02683,0.7848,0,0,0,10
0.94485,1.05754,0.785038,0,0,10
0.934032,0.951567,0.75999,0,0,10
0.995337,1.03647,0.791746,0,0,10
0.903017,0.783544,0,0,0,10
0,0,0,0,0,1
0,0,0,0,0,1
0,0,0,0,0,1
0,0,0,0,0,1
0.560922,0,0,0,0,1
0,0,0,0,0,1
0,0,0,0,0,1
0,0,0,0,0,1
0,0,0,0,0,1
0,0,0,0,0,1
1.00446,0.395094,0,0,0,2
1.12039,0,0,0,0,2
1.08066,0,0,0,0,2
0.999133,0.429392,0,0,0,2
0.900637,0,0,0,0,2
0.99983,0,0,0,0,2
1.01793,0,0,0,0,2
0.876923,0,0,0,0,2
0.728626,0,0,0,0,2
0.84641,0,0,0,0,2
0,0,0,0,0,3
0.844384,0,0,0,0,3
0.788195,0,0,0,0,3
0.895089,0,0,0,0,3
0.910803,0,0,0,0,3
0.678442,0.972977,0,0,0,3
0.601378,0.943306,0,0,0,3
0.793252,0,0,0,0,3
0.855125,0,0,0,0,3
0.882783,0,0,0,0,3
0.862998,1.04229,0,0,0,4
0.835817,1.01955,0,0,0,4
0.797094,1.05839,0,0,0,4
0.801995,0.965291,0,0,0,4
0.823333,1.07153,0.443984,0,0,4
0.783358,0.94373,0,0,0,4
0.842182,1.0594,0,0,0,4
0.81979,1.04334,0.442813,0,0,4
0.787495,0.951143,0,0,0,4
0.826181,0.933566,0,0,0,4
1.0029,1.00174,0,0,0,5
0.992587,1.03574,0,0,0,5
0.977432,0.982424,0.411985,0,0,5
0.767093,0.742135,0,0,0,5
0.800509,0.798723,0,0,0,5
0.991419,1.07013,0,0,0,5
1.0039,0.432916,0.999699,0,0,5
0.809588,0.322524,0.797033,0,0,5
0.847049,0.822835,0.351729,0,0,5
0.993133,1.05228,0,0,0,5
0.89069,0.885447,0.81163,0,0,6
0.904369,0.928312,0.845573,0,0,6
0.91287,0.950898,0.879484,0,0,6
0.80144,0.790037,0.675509,0,0,6
0.763914,0.778026,0.691976,0,0,6
0.923288,0.938125,0.84379,0,0,6
0.92363,0.964612,0.8517,0,0,6
0.854917,0.844728,0.717436,0,0,6
0.693734,0.645705,0.562175,0,0,6
0.696221,0.697253,0.586848,0,0,6
0.852559,0.937682,0,0,0,7
0.884191,0.928166,0,0,0,7
0.849252,0.500958,0.912067,0,0,7
0.880359,0.562776,0.881571,0,0,7
0.875013,0.572593,0.853229,0,0,7
0.870198,0.876357,0,0,0,7
0.972524,0.909461,0,0,0,7
0.945039,0.906551,0,0,0,7
0.895985,0.580318,0.871884,0,0,7
0.8224,0.524373,0.845294,0,0,7
0.765354,0.990524,0.778167,0,0,8
0.780104,0.952028,0.768161,0,0,8
0.818729,0.991975,0.752696,0,0,8
0.850737,1.02622,0.796955,0,0,8
0.800604,1.02493,0.813871,0,0,8
0.752506,0.983573,0.806537,0,0,8
0.788292,1.01512,0.808037,0,0,8
0.784935,1.0048,0.783607,0,0,8
1.01591,0.785363,0,0,0,8
0.717877,0.991645,0.789062,0,0,8
0.757113,0.986013,1.0321,0.922392,0.810811,9
0.729203,0.9893,1,0.907612,0.782537,9
0.674684,0.884488,0.915365,0.820504,0.729273,9
0.748577,0.969002,0.999359,0.891511,0.781725,9
0.762249,0.963209,1.01093,0.94081,0.849245,9
0.820926,0.986239,1.02418,0.955777,0.837008,9
0.748906,1.00711,1.01101,0.91126,0.771232,9
0.697325,0.930169,0.953696,0.844561,0.750067,9
0.743354,0.954939,0.987133,0.873492,0.773385,9
0.699564,0.993491,1.01159,0.863214,0.747917,9
0.970537,0.962804,0.646664,0,0,10
0.982537,0.986305,0.669622,0,0,10
0.936011,0.89532,0.659531,0,0,10
0.925504,0.908801,0.342207,0.691978,0,10
0.97763,0.981096,0.718747,0,0,10
0.993143,0.977677,0.713542,0,0,10
0.958528,0.92235,0.687503,0,0,10
0.934419,0.918724,0.744552,0,0,10
0.753729,0.701337,0.548892,0,0,10
1.07361,0.760995,0,0,0,10
0,0,0,0,0,1
0.485559,0,0,0,0,1
0,0,0,0,0,1
0,0,0,0,0,1
0,0,0,0,0,1
0,0,0,0,0,1
0,0,0,0,0,1
0,0,0,0,0,1
0,0,0,0,0,1
0.471546,0.538874,0,0,0,1
0,0,0,0,0,2
0,0,0,0,0,2
0.403637,0,0,0,0,2
0,0,0,0,0,2
0.677447,0,0,0,0,2
0.927332,0,0,0,0,2
1.0464,0,0,0,0,2
1.06296,0,0,0,0,2
0.9263,0,0,0,0,2
0.924633,0.696628,0,0,0,2
0.549452,0.851156,0,0,0,3
0,0,0,0,0,3
0.920399,0,0,0,0,3
0.904708,0,0,0,0,3
0.855589,0,0,0,0,3
0.896206,0,0,0,0,3
0.910909,0,0,0,0,3
0.906931,0,0,0,0,3
0.916986,0,0,0,0,3
0.916324,0,0,0,0,3
0.682731,1.02167,0,0,0,4
0.685175,0.977288,0.348064,0,0,4
0.689858,0.984142,0,0,0,4
0.761462,0.99462,0,0,0,4
0.795298,1.09482,0,0,0,4
0.710434,0.997486,0,0,0,4
0.666822,0.967727,0.970206,0,0,4
0.668663,0.983533,0,0,0,4
0.616946,0.991215,0.991268,0,0,4
0.633933,0.95874,0.33656,0,0,4
0.937501,1.01239,0,0,0,5
0.994002,1.03594,0,0,0,5
0.922207,0.988287,0,0,0,5
0.877549,0.929528,0,0,0,5
0.949752,0.983877,0,0,0,5
0.998633,1.01302,0,0,0,5
0.954365,0.984821,1.181,0,0,5
0.833403,0.844839,0,0,0,5
0.717261,0.750151,0,0,0,5
0.826546,0.880352,0,0,0,5
0.881892,0.892095,0.797474,0,0,6
0.924915,0.927464,0.828097,0,0,6
0.98483,0.985747,0.872011,0,0,6
0.905061,0.909656,1.26332,0.817145,0,6
0.857554,0.842935,0.756675,0,0,6
0.655367,0.642089,0.548101,0,0,6
0.870926,0.849126,0.764302,0,0,6
0.853677,0.755102,0,0,0,6
0.951587,0.994055,0.875802,0,0,6
0.97264,0.989178,1.18002,0.891522,0,6
0.785185,0.883805,0,0,0,7
0.753671,0.537788,0.837123,0,0,7
0.773247,0.873721,0,0,0,7
0.754998,0.863036,0,0,0,7
0.769922,0.550601,0.858705,0,0,7
0.749631,0.889494,0,0,0,7
0.778328,0.896999,0,0,0,7
0.746557,0.957187,0.901268,0,0,7
0.725206,0.940024,0.896135,0,0,7
0.737149,0.499863,0.87087,0,0,7
0.672795,0.986955,0.835484,0,0,8
0.660364,0.972896,0.798868,0,0,8
0.595237,0.90589,0.790553,0,0,8
0.576301,0.861571,0.758877,0,0,8
0.618919,0.964261,0.817844,0,0,8
0.658205,1.01466,0.84508,0,0,8
0.641789,0.980049,0.83871,0,0,8
0.608104,0.949964,0.8124,0,0,8
0.574474,0.839015,0.743582,0,0,8
0.592559,0.857531,0.758144,0,0,8
0.69069,0.932368,0.984203,0.911085,0.810654,9
0.685248,0.944742,1,0.919261,0.822597,9
0.685884,0.923318,0.949496,0.87604,0.797195,9
0.673924,0.917136,0.930048,0.862885,0.796429,9
0.698148,0.935561,0.996948,0.907469,0.814752,9
0.69095,0.964208,0.987449,0.895033,0.801637,9
0.671341,0.983021,1.02024,0.924368,0.831414,9
0.667916,0.934432,0.98632,0.919949,0.830136,9
0.67145,0.902406,0.935278,0.875856,0.800353,9
0.683406,0.915539,0.945474,0.876969,0.802935,9
0.880575,0.893083,0.67466,0,0,10
0.897449,0.913766,0.694426,0,0,10
1.01314,0.837095,0,0,0,10
0.987573,0.978761,0.758659,0,0,10
0.867862,0.889273,0.729035,0,0,10
0.891363,0.906225,0.722329,0,0,10
0.924139,0.730451,0,0,0,10
1.0108,0.796828,0,0,0,10
0.949743,0.938233,0.737961,0,0,10
0.967666,0.94229,0.726626,0,0,10
0.882441,0,0,0,0,1
0,0,0,0,0,1
0.951864,0,0,0,0,1
0.919316,0,0,0,0,1
0.944393,0,0,0,0,1
0.982565,0,0,0,0,1
0.886347,0,0,0,0,1
0,0,0,0,0,1
0,0,0,0,0,1
0.77979,0,0,0,0,1
0.719105,0,0,0,0,2
0,0,0,0,0,2
0,0,0,0,0,2
1.04898,0,0,0,0,2
1.01472,0,0,0,0,2
0.991067,0.478555,0,0,0,2
0.989937,0.461847,0,0,0,2
0.998395,0.472027,0,0,0,2
0.986412,0.467359,0,0,0,2
1.03803,0,0,0,0,2
0.822956,0,0,0,0,3
0.959281,0,0,0,0,3
0.988986,0,0,0,0,3
0.983569,0,0,0,0,3
1.21871,0,0,0,0,3
0.536643,0.850395,0,0,0,3
0.970842,0,0,0,0,3
0.955586,0,0,0,0,3
0.914016,0,0,0,0,3
1.01596,0,0,0,0,3
0.826923,1.06353,0,0,0,4
0.854366,1.0985,0,0,0,4
0.781348,1.00777,0.528099,0,0,4
0.749113,1.01652,0.504222,0,0,4
0.793901,1.01819,0.528563,0,0,4
0.799788,1.01141,0.546917,0,0,4
0.794738,1.01847,0.5425,0,0,4
0.77384,0.988663,0,0,0,4
0.771519,0.985479,0,0,0,4
0.747248,0.981112,0,0,0,4
0.92181,0.956519,0,0,0,5
0.983076,1.02257,0,0,0,5
1.0078,1.07262,1.08798,0,0,5
0.975004,1.0356,0,0,0,5
0.932778,0.982062,0,0,0,5
0.907092,0.942994,0,0,0,5
0.823801,0.83792,0,0,0,5
0.886943,0.911451,0,0,0,5
0.874653,0.888368,0,0,0,5
0.867044,0.865466,0,0,0,5
0.829144,0.870797,0.386219,0.813444,0,6
0.928142,0.965981,0.883169,0,0,6
0.803153,0.827475,0.714212,0,0,6
0.750406,0.794093,0.709508,0,0,6
0.831065,0.891272,0.801068,0,0,6
0.868702,0.923585,0.83838,0,0,6
0.873234,0.928079,0.828428,0,0,6
0.871927,0.93546,0.845272,0,0,6
0.948555,1.03179,0.922706,0,0,6
0.942824,0.999803,0.877984,0,0,6
0.883551,0.561765,0.957775,0,0,7
0.892872,0.584613,0.951487,0,0,7
0.84792,0.947335,0,0,0,7
0.869657,0.930402,0,0,0,7
0.897988,0.572206,0.937702,0,0,7
0.905414,0.617264,0.573932,0.932859,0,7
0.820613,0.48888,0.48697,0.834558,0,7
0.828149,0.452466,0.474356,0.827005,0,7
0.806221,0.473052,0.478244,0.836059,0,7
0.969596,0.976564,0,0,0,7
1.08184,0.888565,0,0,0,8
0.766145,1.0076,0.855786,0,0,8
0.781919,1.062,0.832796,0,0,8
0.789528,1.07107,0.867497,0,0,8
0.807666,1.07582,0.845626,0,0,8
0.739398,1.06068,0.86182,0,0,8
0.740637,1.06813,0.874954,0,0,8
0.738319,1.02431,0.562151,0.841537,0,8
0.789282,1.11928,0.887039,1.04632,0,8
0.805661,1.15519,0.902284,0.963918,0,8
0.712543,0.900553,1.02078,0.973838,0.89736,9
0.727345,0.975246,1,0.947514,0.857683,9
0.720614,0.908957,1.055,1.01239,0.905307,9
0.717073,0.901594,0.996439,0.964107,0.870702,9
0.682782,0.883943,0.941523,0.908742,0.788424,9
0.718344,0.941649,0.987811,0.914034,0.782218,9
0.789312,1.16169,1.14202,0,0,9
0.695866,0.972806,0.898051,0,0,9
0.706162,0.897692,1.01307,0.989363,0.881293,9
0.705688,0.880629,1.03636,0.979183,0.88734,9
0.839161,0.870576,0.676445,0,0,10
0.898984,0.923254,0.69846,0,0,10
0.836779,0.853175,0.643136,0,0,10
0.852261,0.863318,0.334635,0.693758,0,10
0.943164,0.959317,0.700053,0,0,10
0.935092,0.919029,0.768836,0,0,10
0.888927,0.90189,0.701502,0,0,10
0.88479,0.905863,0.673948,0,0,10
0.784244,0.780341,0.535568,0,0,10
0.841387,0.862125,0.600821,0,0,10
0.749118,0,0,0,0,1
0.95039,0.888191,0,0,0,1
0,0,0,0,0,1
0,0,0,0,0,1
0,0,0,0,0,1
0.528478,0,0,0,0,1
0,0,0,0,0,1
0,0,0,0,0,1
0,0,0,0,0,1
0,0,0,0,0,1
0,0,0,0,0,2
0,0,0,0,0,2
0,0,0,0,0,2
0.959946,0,0,0,0,2
1.03338,0,0,0,0,2
1.05135,0,0,0,0,2
0,0,0,0,0,2
1.06862,0,0,0,0,2
1.12893,0,0,0,0,2
1.18294,0,0,0,0,2
0,0,0,0,0,3
1.07554,0.576725,0,0,0,3
1.0946,0,0,0,0,3
1.18086,0,0,0,0,3
1.10276,0,0,0,0,3
1.10063,0,0,0,0,3
1.00775,0,0,0,0,3
1.00155,0,0,0,0,3
1.00493,0,0,0,0,3
0.573962,1.02219,0,0,0,3
0.87875,1.13443,0,0,0,4
0.846378,1.05749,0.480835,0,0,4
0.877091,1.09291,0,0,0,4
0.854697,0,0,0,0,4
0.879266,1.06926,0,0,0,4
0.886352,0,0,0,0,4
0.875173,1.08823,1.4054,0,0,4
0.886941,1.10041,0,0,0,4
0.849394,1.12784,0.806686,0,0,4
0.866381,1.1137,0,0,0,4
1.0778,1.08935,0.715878,0,0,5
1.0528,1.06868,0.835996,0,0,5
1.12154,1.1074,0,0,0,5
1.1597,1.14534,0.835716,0,0,5
1.1328,1.13446,0,0,0,5
1.11937,1.11939,0,0,0,5
1.09894,1.08783,0,0,0,5
1.09864,1.07183,0,0,0,5
1.12885,0.91657,1.10816,0,0,5
1.16811,0.870903,1.15011,0,0,5
1.15194,1.14718,0.579104,0,0,6
1.24833,1.29698,1.18992,0,0,6
1.14553,1.17107,1.14181,0.706301,0,6
1.25564,1.28496,1.17703,0,0,6
1.2596,1.3066,1.18046,0,0,6
1.1798,1.21171,1.11894,0.614041,0,6
0.985403,1.00741,0.918013,0.768825,0,6
1.02857,1.03163,0.98033,0,0,6
1.13075,1.0997,1.04053,0,0,6
1.16451,1.18481,1.08026,0,0,6
1.17515,0.838975,0,0,0,7
1.23864,0,0,0,0,7
1.16379,0.844855,1.22426,0,0,7
1.03981,0.752314,1.06857,0,0,7
1.07702,0.714338,1.09905,0.609932,0,7
1.07097,1.12725,0,0,0,7
1.07959,1.04584,0.680799,1.1518,0,7
1.03983,0.517033,1.0863,0.717355,0,7
1.06634,1.10086,1.04631,0,0,7
1.15558,1.12271,0,0,0,7
0.776401,1.03769,0,0,0,8
0.791356,1.05388,0.805804,0,0,8
0.818348,1.03394,0.760217,1.49345,0,8
0.761214,1.06913,0.812466,0,0,8
0.741819,1.02088,0.779555,0,0,8
0.789569,1.07546,0.825839,0,0,8
0.783824,1.01369,0.803421,0,0,8
0.780596,0.996111,0.754106,0,0,8
0.751872,0.995554,0.735722,0,0,8
0.7213,1.01495,0.781185,0,0,8
0.799894,1.05662,1.11389,1.03135,0.902636,9
0.758908,0.993702,1.00102,0.96791,0.867938,9
0.880813,1.06735,1.05753,0.911563,0,9
1.02561,0.976826,0.929824,0.86224,0,9
1.02233,1.04334,0.960103,0.852111,0,9
0.787918,1.02753,1.07537,1.01797,0.906118,9
0.824792,1.02623,1.11613,1.0464,0.904319,9
0.824774,1.14712,1.19293,1.07438,0.923077,9
0.869277,1.06851,1.19816,1.1192,1.00249,9
0.776208,1.06712,1.05899,1.0344,0.941806,9
1.05156,1.0683,0.742552,0,0,10
1.08801,1.09767,0.740738,0,0,10
1.12346,1.14705,0.952504,0.7832,0.684321,10
1.10247,1.11875,0.815723,0,0,10
1.06972,1.08844,0.780151,0,0,10
0.988667,1.01127,0.708525,0,0,10
1.00661,1.00891,0,0,0,10
1.07971,1.07577,0.726584,0.75155,0,10
1.11298,1.12014,0.734666,0.709792,0,10
1.10897,1.13873,0.772699,0.67899,0,10
0.783678,0,0,0,0,1
0.805814,0,0,0,0,1
0.787036,0,0,0,0,1
0.806008,0,0,0,0,1
0.823276,0,0,0,0,1
0,0,0,0,0,1
0,0,0,0,0,1
0,0,0,0,0,1
0.812905,0,0,0,0,1
0.81866,0,0,0,0,1
1.00484,0,0,0,0,2
1.04925,0,0,0,0,2
0.986126,0,0,0,0,2
0.959066,0,0,0,0,2
1.05839,0,0,0,0,2
0.979877,0,0,0,0,2
0.924954,0,0,0,0,2
0.941891,0,0,0,0,2
0.915104,0,0,0,0,2
0.955315,0,0,0,0,2
0.381397,0.787636,0,0,0,3
0.39367,0.808261,0,0,0,3
0.408459,0.822899,0,0,0,3
0.768664,0,0,0,0,3
0.850575,0,0,0,0,3
0.78914,0,0,0,0,3
0.218568,0.593913,0,0,0,3
0.759737,0,0,0,0,3
0.807662,0,0,0,0,3
0.834838,0,0,0,0,3
0.715407,0.971625,0,0,0,4
0.765931,1.00067,0,0,0,4
0.793204,0.997441,0.475432,0,0,4
0.756204,0.993972,0.453056,0,0,4
0.750701,0.973002,0.430656,0,0,4
0.775093,0.997538,0.452088,0,0,4
0.797645,0.994281,0.460181,0,0,4
0.777098,0.99496,0.470967,0,0,4
0.754842,0.981325,0,0,0,4
0.777596,0.998341,0.468904,0,0,4
0.884373,0.909624,0,0,0,5
0.94821,0.978165,0,0,0,5
0.942685,0.970416,0,0,0,5
0.897726,0.946251,0,0,0,5
0.884691,0.914566,0,0,0,5
0.890692,0.91258,0,0,0,5
0.995455,0.996479,0,0,0,5
0.945986,0.975835,0,0,0,5
0.952314,0.957795,0,0,0,5
0.852636,0.887294,0,0,0,5
0.928281,0.955986,0.87225,0,0,6
0.905264,0.9534,0.860929,0,0,6
0.90319,0.939323,0.864185,0,0,6
0.870443,0.89191,0.813203,0,0,6
0.887515,0.906773,0.824227,0,0,6
0.897135,0.917779,0.841139,0,0,6
0.92093,0.957504,0.853792,0,0,6
0.947548,0.991421,0.95287,0,0,6
0.940682,0.976161,0.897965,0,0,6
0.880209,0.915157,0.841858,0,0,6
0.82671,0.936463,0,0,0,7
0.829026,0.92641,0,0,0,7
0.811951,0.937354,0,0,0,7
0.821804,0.936189,0,0,0,7
0.821332,0.931829,0,0,0,7
0.84248,0.930479,0,0,0,7
0.806018,0.922571,0,0,0,7
0.729846,0.900012,0,0,0,7
0.731027,0.863361,0,0,0,7
0.774599,0.86668,0,0,0,7
0.770166,0.937169,0.892184,0,0,8
0.757398,0.935316,0.38421,0.907859,0,8
0.748379,0.924592,0.380284,0.909685,0,8
0.75724,0.94814,0.89928,0,0,8
0.737789,0.93769,0.911662,0,0,8
0.732419,0.926534,0.905175,0,0,8
0.785744,1.00374,0.933277,0,0,8
0.791389,1.06863,0.959084,0,0,8
0.781321,1.05759,0.506704,0.959622,0,8
0.785638,1.04365,0.985331,0,0,8
0.799628,0.907444,1.00516,1.0053,0.905687,9
0.830903,0.937999,1,0.988129,0.902581,9
0.804717,0.929526,0.979904,0.987132,0.905228,9
0.81013,0.928802,0.976735,0.98264,0.901557,9
0.813401,0.927346,0.97429,0.9782,0.897921,9
0.77762,0.893799,0.951211,0.944547,0.890922,9
0.793444,0.910912,0.967283,0.981907,0.897276,9
0.775844,0.901981,0.965217,0.972331,0.887021,9
0.793571,0.901583,0.945148,0.938749,0.867122,9
0.826565,0.800428,0.82879,0.812639,0.781086,9
0.914928,0.922359,0.786397,0,0,10
0.932571,0.937213,0.805103,0,0,10
0.917479,0.926013,0.80321,0,0,10
0.989939,0.949799,0.829648,0,0,10
0.889351,0.903322,0.799826,0,0,10
0.871636,0.874426,0.781197,0,0,10
0.870982,0.863139,0.78439,0,0,10
0.894796,0.874132,0.395116,0.790688,0,10
0.967327,0.950125,0.825255,0,0,10
0.971731,0.960884,0.847337,0,0,10
0,0,0,0,0,1
0,0,0,0,0,1
0,0,0,0,0,1
0,0,0,0,0,1
0,0,0,0,0,1
0,0,0,0,0,1
0,0,0,0,0,1
0,0,0,0,0,1
0,0,0,0,0,1
0,0,0,0,0,1
0,0,0,0,0,2
1.07378,0,0,0,0,2
1.09101,0,0,0,0,2
1.08554,0,0,0,0,2
0.965895,0,0,0,0,2
0.742725,0,0,0,0,2
0.713759,0,0,0,0,2
1.053,0,0,0,0,2
1.00729,0,0,0,0,2
1.14398,0,0,0,0,2
0.565994,0.90991,0,0,0,3
0,0,0,0,0,3
0,0,0,0,0,3
0.878216,0,0,0,0,3
0,0,0,0,0,3
1.10194,0,0,0,0,3
1.08228,0,0,0,0,3
0.703808,0,0,0,0,3
0,0,0,0,0,3
0,0,0,0,0,3
0.715718,1.03983,0,0,0,4
0.919176,0.809042,0,0,0,4
0.778437,0.96919,0,0,0,4
0.820505,0.639689,0,0,0,4
0.743625,0.983699,0,0,0,4
0.951567,1.13052,0,0,0,4
0.817966,1.06639,0,0,0,4
0.743809,1.01154,0,0,0,4
1.11018,0,0,0,0,4
0.905917,0,0,0,0,4
1.01555,1.00355,0,0,0,5
0.974489,0.394918,0,0,0,5
0,0,0,0,0,5
1.02525,0.997023,0,0,0,5
1.05417,1.05179,0,0,0,5
0.973034,0.973786,0,0,0,5
0.654204,0.266951,0.665037,0,0,5
0,0,0,0,0,5
0,0,0,0,0,5
0.955103,0.968198,0,0,0,5
0.788533,0.80842,0.747071,0,0,6
0.975626,0,0,0,0,6
0.947099,1.01832,0.886972,0,0,6
0.933183,1.01169,0.860731,0,0,6
0.761804,0.617638,0,0,0,6
0.650191,0.72487,0.60144,0,0,6
0.952638,0,0,0,0,6
1.02354,0,0,0,0,6
1.00497,1.09467,0.925088,0,0,6
0.860973,0.96735,0,0,0,6
0.847538,0.852422,0,0,0,7
0,0,0,0,0,7
0.872332,0,0,0,0,7
0.95615,0.990684,0,0,0,7
0.880581,0.977707,0,0,0,7
0,0,0,0,0,7
0.917565,0.994268,0,0,0,7
0.985212,0.901186,0,0,0,7
0.948577,0.917997,0,0,0,7
0.56792,0.980385,0,0,0,7
0.761147,0.881007,0.745837,0,0,8
0.78128,0.940147,0,0,0,8
0.714284,0.782736,0,0,0,8
0.759753,0.949577,0.812272,0,0,8
0.782118,0.905542,0.799521,0,0,8
0.676844,0.822697,0.822934,0,0,8
0.976666,0.849276,0,0,0,8
0.792013,0.855274,0.803164,0,0,8
0.801431,0.94688,0.786165,0,0,8
0.836238,0.887459,0.800672,0,0,8
0.807081,0.775299,0.78848,0.745277,0.72806,9
0.827854,0.956769,1,0.941958,0.858095,9
0.839663,0.986888,1.03017,1.00074,0.843049,9
0.817195,0.965982,0.970683,0.915918,0.822103,9
0.745781,0.785654,0.794345,0.779565,0,9
0.76755,0.943846,0.940613,0.910631,0.815032,9
0.798399,0.928844,0.932012,0.918005,0.848321,9
0.806894,0.975578,0.975674,0.89218,0.844718,9
0.817462,0.951816,0.948846,0.939703,0.838619,9
0.797841,0.942708,0.943844,0.924812,0.833672,9
0.984248,1.0359,0.771754,0,0,10
0.996011,1.05423,0.805987,0,0,10
0.94039,1.00204,0.781767,0,0,10
0.943813,0.964999,0.726836,0,0,10
0.985578,1.01953,0,0,0,10
0.968843,1.00716,0.746083,0,0,10
0.957,0.993902,0.756841,0,0,10
0.951435,1.00748,0.796921,0,0,10
0.994229,1.01476,0.765449,0,0,10
0.954797,0.987264,0.75035,0,0,10
0,0,0,0,0,1
0,0,0,0,0,1
0,0,0,0,0,1
0,0,0,0,0,1
1.11052,0,0,0,0,1
0,0,0,0,0,1
0,0,0,0,0,1
0,0,0,0,0,1
0,0,0,0,0,1
0,0,0,0,0,1
0,0,0,0,0,2
0,0,0,0,0,2
0,0,0,0,0,2
0,0,0,0,0,2
0,0,0,0,0,2
0,0,0,0,0,2
0,0,0,0,0,2
0,0,0,0,0,2
0,0,0,0,0,2
0,0,0,0,0,2
1.04204,0,0,0,0,3
0.967706,0,0,0,0,3
1.08987,0,0,0,0,3
0,0,0,0,0,3
0,0,0,0,0,3
0,0,0,0,0,3
0.942163,0,0,0,0,3
0.865826,0,0,0,0,3
0.935805,0,0,0,0,3
1.1706,0,0,0,0,3
0.897124,1.02843,0,0,0,4
0.786108,0.866247,0,0,0,4
0.932328,0,0,0,0,4
0.923445,1.11017,0.535573,0,0,4
0.932731,0,0,0,0,4
0.840811,1.04151,0,0,0,4
0.979443,1.2512,0,0,0,4
0.915376,1.04185,0,0,0,4
0.840992,1.07085,0,0,0,4
0.904626,1.03876,0,0,0,4
1.20304,0,0,0,0,5
1.09795,0,0,0,0,5
0,0,0,0,0,5
1.00417,0.924387,0,0,0,5
1.04297,0.920902,0,0,0,5
1.00532,0.991474,0,0,0,5
0.967943,0.992544,0,0,0,5
0,0,0,0,0,5
1.00209,1.01361,0,0,0,5
1.00674,1.01614,0,0,0,5
0.942428,0.961375,0.875403,0,0,6
0.949527,0.953937,0.891274,0,0,6
0.944432,0.956206,0.856967,0,0,6
0.976305,0.983249,0.85858,0,0,6
0.999222,1.02061,0.893002,0,0,6
0.970935,0.892185,0.861678,0,0,6
0.903064,0.913914,0.866466,0,0,6
0.781019,0.796485,0.723205,0,0,6
0.78697,0.831982,0.738288,0,0,6
0.944724,0.980203,0.898792,0,0,6
0.88417,0.552917,0.884176,0,0,7
0.841452,0.823888,0.913647,0,0,7
0.86719,0.537442,0.899272,0,0,7
0.884171,0.94166,0,0,0,7
0.837838,0.509563,0.895986,0,0,7
0.767213,0.840867,0,0,0,7
0.867998,0.882617,0,0,0,7
0.829472,0.863648,0,0,0,7
0.832991,0.865481,0,0,0,7
0.866267,0.862992,0,0,0,7
0.77603,0.937387,0.797946,0,0,8
0.808177,0.925686,0.817228,0,0,8
0.665993,0.884286,0.847076,0,0,8
0.786012,0.91085,0.79034,0,0,8
0.738658,0.881957,0.763997,0,0,8
0.840104,0.912405,0.74964,0,0,8
0.818053,0.932246,0.744132,0,0,8
0.801009,0.920161,0.762453,0,0,8
0.770718,0.825792,0.714826,0,0,8
0.752364,0.851993,0.406544,0.809093,0,8
0.847561,0.982746,0.99592,0.823751,0.988994,9
0.85297,0.98216,1,0.833477,0.976872,9
0.876477,1.0122,0.998051,0.971072,0,9
0.874487,0.992187,1.00452,0.832023,0.976909,9
0.852098,1.00703,1.03471,0.873356,1.04731,9
0.847569,0.971429,1.02385,0.734203,1.00911,9
0.893389,1.02139,1.05762,0.933316,0,9
0.799253,0.968758,1.00935,0.978675,0.970825,9
0.858391,1.01468,1.06201,0.993166,0,9
0.844415,0.98399,1.01632,0.830246,1.00298,9
1.01688,1.04502,0.727391,0,0,10
0.996725,1.04315,0.757807,0,0,10
1.01871,1.06089,0.744786,0,0,10
1.04902,1.10025,0.71732,0,0,10
1.01735,1.05837,0.746951,0,0,10
1.07778,1.0952,0.729946,0,0,10
1.04088,0.986817,0.736741,0,0,10
1.0606,1.02326,0.725479,0,0,10
1.02074,1.04488,0.77189,0,0,10
1.03989,1.00582,0.721521,0,0,10
